111 11111111111111111111111111111. 111

1111111111, 1111 1111 11111111 111111, 11111111 11111111111111111111111111111111 1111111111 111 11
11111, 11 111111111111111 11 1111111111, 1111111111 1111111111 111111111111111111111111 11111 11111111 11111·
11111111, 11 011111111111111, 11 111111 1111111111 111111111111111111111 111111 11111111 1111 1111111, 111
1111111111,1111111111 1111111111 11111111, 11 11111 11111111111111111,111111111111111111,1)11111111111111
11111111 1111111111111111111111111111111111 1111111111111111111111,111111111111111,’11111
consentiunt· 11111111 11 1111 bmnium (1111111111 1111 (1111111111. 1111111 1111 111111111111111111,111111111
1131111 1111111011 11111110 Vim. 1111111111 1111111· 111111 11111111111111111 11111111 1111111111, 11 11111 111111·
1111, 11111111 1111111111, 1111111111 11111, mle 11111 111111111111111111 11111111111111111111·
s¹⁰⁰³2 11101010 mumque· ⁰¹⁸¹! 1101811111 111101 1111θὶ 11111111 11111111111111111111111111 11111111111,11
0111111111 imagine! 1111111111 meorum (111111 1111111 nse 111111, 1111111 111 1111111111, 111 11111 1111111, coit· ’
5111111111111111111Μ 0111110ῑί111 011 1011110111 1011113 1111111111111111111111111111,111111111111111111111111111
1111110ῐο111 ⁸¹0¹⁰¹⁰⁰ ⁰⁰P⁰0⁰¹⁰2 ⁰0⁰ 11110100 011011 ⁰⁸ 11 1111111111 1111111111, 11 1111111111, 1111111111 1111111·
⁸ 11111111111111111111111111111111111111111111 1111. cnjus· 1111111111 1111 1111111111 1111111111
1111111111111,111111 1111111111 11111111 111 1111111· 1111111111 1111111111 111111111111 111111111111,1111
1111, rammam ³⁰¹¹ 1111111111111111 1111111· 11111111111111111111111111111111111 11111111
1111, 111111111111 111 11111111, 11111111 11111111 1111111 1111111 1111111, 1111111, 11111111111111 ’1111111111
1111111111 1111111, 1111111111 11111111, manitatem 1111111111, 11 1111111111 11111 1111111111. 1111 ‘co-
1111 1111111111, 1111111111 11111111,11111111 11111111· 1111111 1111111111 1111111111 1111111111, 11111111111111111111·
1111111111, 1111111, 1111111111,111111111111111, 1111111, 111111111111111111111111,1111111111111111111111111111
11111 1111111111 11111111111111111111111111111(1111111 1111111111111111111111, 1111111111111111111111111,
1111111111111111111111 ’1111111111111111111111111111 1111111111 1111111111 1111111111 1111111111 1111111111, 11111-
111 11111111 1111111111, 111111111111111111, 1111 111 11111111 1111 111111 11111 11111111111111 11111111111111
1111111111111111111111. 11111111 1111111111 1111111 1111- de 1111111111, 11111111, ’11 1111111 1111111111 11111111
111111111111 11111111111111111111, 11 1111111111 111111, 111, 1111111 1111111111 1 Curii 11111 1111111 volutarem:
1111111111, 11111111 1111111111,11111111111111 1 1111111111 1111111111 11111111 1111111 ergo 1111111111-

‘ 111 1111111111 1111111111 11, 1111111111 1111111 1111111111 11111, 11 11111 1111111111 11111111111. m 111 111111 1 quid

1111111111. 111111 111111 11111111 1111111111 1111111111 ,1111111111111 111 111111 111111 ³: 111111 constantius? 111
1111,11111111111111111111111111111111111111111 1111 11111111111111 11111111 1111111111111
1111111 81111 1111111 11111111 [11111011 1111110110 '⁰⁰⁰⁸ 1111111111111111111111’11111111111111111111 1111
retur, 11111111(1111111111111111111111111 1111111111111111111 111111111111 plenius 1111
1113 11111111110111101100 0010001100* ⁰⁰9 1111100011 ⁰⁰⁰⁸ss 11111111, 111111 1111111111 1111111, 111111 111111 1111111111,
111110111110001100 0111111110 1001101 ⁸⁰⁰ 11110100 11111 11111111 1111, 11 1111111111 1111111111 1111111-
8101001000100011011010100101001001111111110010 rasssss'fflonffliitm 1111111111 1111111 111111. Non 111,
(1101111111 081011 ¹⁰ (1111111000 1000101111· ⁰⁰ ¹9⁸⁰ 11011 111111,111“11111111111111,1’111 11 ’11111111 111111, qumi
1111111111111111111111111 111 11111111111111 111111111111111111111111111111111111, ’1111111-
11111111111111111111111111111111111111 11111111 11111,1111111111111111, 11 cooptando
1001101100 010010 ¹⁰⁰⁰⁰ 1001111151 1001011οθ ⁰¹ ⁰⁰⁸² 1111111 1111111. Te 111111111111111111111, 11 1111111111, 11
docendo 1111111111, 1111111111 fram 11111111 ,11111111111111111111111 11 11111111)
0101100οῙ0 111100010οῑ0 100111101000· 0101 8001100 010· 11111 11111111, 1111111 11111111 11111111, 1111111111, et 111-
1011111, 10110 0001000100011 1101111111οξ 0001110101 1111111, 111111111111111 1111111 11111111, 1111111111·
110101110 0010οὒ ¹ 1011110001 110οῘ 01110101 01100119 ⁰⁰⁸ 1111 111111 dispartitis 1111111111 11111 11111111 1111111111.
11111,1111111111πὶ1111111111111111111 11111111111111111 111111111111111,11,11,111-
11111111111 11 11111111111111111 1111111111 1111111- 1111111111 11 11111 legi 111111111111111 111111 pen.
mm, 1111111 11111111 111111111111111111111 1111 1111111111. 11111 111 111111 honorabor, ,11
111111 111111 progredior, 1111111111 1111111 11111111 11111111 1111111111 111111111111111 111 11 1111111111111111.
1111111111111111111111,111111,,11111111011, 11111111 1111111111 11111 11111111 111111·
1111111111111 1111111111 animi, 1111 1111111111 1111111,111μ111111111111111111111111, qualis
111111 (ut 11111 11111111 111) 1111111111 wem, 111 11111111111111111111.11111111111111111 11111111
noque 1111111 1111 11111111ιῑ,1111 11 111111111111 ministerium 11111111111111111111111.1111 1111 111111
1111111,111111111 1111111111111,111111111111111111111, 1111111111 1111111 111 1111111111 111111111 111111111- =
11111111111111111111111 supprimeret. 1111 11111 gem. m 11111111 1111 1111111111111111111 1111·
111111111111 11111 111111. 1111111· 11111111111111 11111111. ’11 11111 111111 111 111111111111111111 1111111111
grati 11111111 1111111111, 111 1111111111 111111111111 1111111111 1111111111. 1111111111 111 1111 1111 1111111.
1111111111111 111111111111111111111 111111 1111111111111111111111111111111111111111111111 ’
1111111111 111111111111111111111111111111.’111, 111111 1111111111 11111111 111111111,1111111 1111111.
1111111111111111111, 111111111111111111111,111111 11111111 1111 1111111111 11 1111 11111111 111, 111 in
mnibus 111 1111111111 nummorum, 111111 1111111111 11111111 11111111111111. Pafum 111,1111111111111 1111
1111111111111,ωωὶιί1111111111111111111111111· 1111111 11111111, 1111111111, 11111111 promi
111111111111111111111111111111111111111, 1111111. 1111 1111111111,111111’1111111 1111111111

 

